-240142
-252737
261891
148372
395228
-207358
-498679
516614
-546486
829953
452255
647945
-416641
-799867
594400
957353
-886203
-88104
-301165
577653
390669
262819
-596507
-725970
-852263
-48587
-130239
709192
990178
240043
-478525
-670657
566944
712714
-552821
13714
400639
-241300
-851904
540359
-681328
-633765
-426796
-956778
81453
-341844
424315
303755
-980297
422815
-843823
-918313
-623487
789446
-681032
-258666
-512501
714225
526653
-514696
56044
-238311
-370855
-716002
-846719
-245645
896229
-317214
-545300
308206
388606
801468
-155790
-392541
787676
-411333
649333
-553840
764212
-860
967297
153194
773534
368405
-775587
504342
-92955
82845
-302212
858379
-168161
432631
308628
848774
695897
-745426
-974783
-534442
17740
-22661
-534856
-831452
789681
51311
680235
-401531
567830
164110
258910
701330
492894
-203351
-370221
853854
816036
-576433
456978
-498677
-341583
489977
-653816
621917
578742
-966917
-50913
-9525
320164
-153225
704639
-657590
674822
754241
512014
297313
88530
684513
-959232
-706387
251554
233569
759627
-721975
547273
798847
10444
-993529
88682
-208773
221177
-482290
-99183
-670157
764854
-663541
-708109
-958658
390718
-558533
-601232
250710
570729
-193911
-378419
902866
-227214
-500559
961755
86059
-225794
836295
-228420
-19630
797805
504405
402836
97911
-998353
645872
-784348
101005
-394975
353374
-793155
-310468
218615
-957512
-625210
-172888
-632777
881229
216341
958017
-480706
275338
435045
-809178
-924646
-854877
745020
-770954
-999585
759445
-761456
-352380
-695550
-927888
-281500
971679
653017
52864
6197
292531
116778
211714
796914
-501033
740581
-490821
-141673
865921
-111138
435917
562294
863518
544273
-285169
439488
300317
-194279
374934
375062
-463917
890129
412405
21578
870910
-750463
94391
584687
695672
481304
-385334
961638
669133
762258
-547202
808398
131837
-241827
-514416
-393681
556042
492837
947334
-915669
816763
856379
-676809
-557081
-880066
218453
-55261
968786
532975
736026
812211
647013
-562040
-263598
-939460
182103
-94484
370322
-550734
-818720
409579
489630
-774703
606643
-643433
-280208
-384420
307237
219294
942248
403112
910621
-911846
-281088
-117695
-721263
-296613
800136
366306
-590380
-543395
-384716
37966
832783
445507
-285421
-816479
907675
-758685
516570
-584500
-4846
-40686
-366300
126770
440096
702297
-838742
207954
-713327
-926275
-341546
-931370
716603
555283
-68841
-490711
-528144
-848960
-637910
-970039
541804
511163
-557764
-844259
486876
-190217
-974592
-951103
-101034
-921614
-661025
726720
-351070
133785
-272474
-432355
-921016
-392112
716813
768906
-910073
-716649
-164170
928773
799101
-723385
-620884
-694134
-296422
-906447
-211566
842120
-586899
-213567
-383573
-209571
-139691
-897871
305025
-462190
-601689
-1220
-733886
348646
-849113
-374002
964104
-146903
-801408
-681103
-161774
910938
-705608
-853796
-253519
102514
-407949
-329751
-168735
-767331
-556634
-619536
-423036
-546542
-671654
-546597
570746
-413686
103221
-199220
442321
-70236
-719744
-845184
-963786
-357345
248138
-552857
-122274
-407926
819629
-698399
50635
999128
-916654
392172
-885166
389655
-656621
294735
349481
846274
-549241
-489395
805430
777441
247795
-360516
-513038
-156447
-501133
-736857
819188
-466650
366499
281351
421927
170493
-108859
984618
726128
-407985
-672529
317960
-341423
-393708
421597
713640
61129
395321
172158
345573
-95923
943626
364843
-481111
-225938
405942
584335
-988248
-385864
-507203
-854666
-875357
-770569
577958
667701
741316
868678
-313626
356530
404676
-519950
60138
595807
54493
-69873
-98465
-786263
-510372
506665
993555
-611090
-239483
125544
-943737
-92220
-111874
-111446
856596
830957
-687573
-820886
-736699
332245
159811
-16452
-867293
363484
-981372
-777056
-309251
586725
-184440
-312236
-535195
-292678
-283510
-624264
-985628
463583
406690
869126
234512
952251
-667171
-34537
-142813
-987275
-943862
-725255
835174
-997839
924632
-611963
-293732
-885193
-528582
-41244
14666
613259
578473
554325
-871367
172554
-982275
-107828
-291849
89728
669742
-359787
216343
-799521
-138454
-901716
-252338
-147052
-721434
738269
-780831
77916
764822
281520
608816
389516
638973
-884416
290350
979907
193609
874162
451160
-525026
-415835
362892
124818
538436
-554402
-433284
-478330
397032
735920
-470148
-730271
105823
176656
806592
-245059
180986
75272
396415
-244327
449888
682832
803343
340472
234730
284912
594230
38307
686019
613867
-754753
978490
-609242
336552
-663158
775006
804455
-324915
71174
46699
880419
278871
-897218
418600
-718228
-310469
455640
843221
-121055
-468408
-276486
-496371
664587
393913
-799349
-283019
821162
61526
-400873
259165
-945650
651604
790175
507981
-101281
783905
-93711
303886
282825
-267103
-540878
-704366
724482
-128953
-339740
-127259
463135
976771
-168613
845891
-867166
-156515
-909065
-748985
-904966
693638
800657
-515220
185957
938951
959398
-962003
-720734
869193
239840
106206
528219
575707
-67999
-424178
-825810
-838241
-998001
249204
696744
629486
555159
364444
-790220
-473531
-992061
-819185
-633523
-576391
-397740
-80847
-276498
-722551
258867
765443
-153565
99313
-502739
-488646
-189742
504036
-604532
-647380
-957427
-632007
-851616
-723467
-847752
551633
134939
346264
-857660
-323676
-935405
425112
-426515
542239
-492442
-105872
214811
667020
664063
221142
-167338
-739708
684375
-178842
876282
136234
955818
712173
379163
443819
-860880
-829293
281396
133556
-648923
-56290
997318
459730
643207
575205
348065
-150296
794127
-739520
241972
726447
715166
-551521
9340
-919318
460843
-694333
752643
868445
178075
154536
488428
-876657
759706
-843283
982433
201308
-331718
168639
-855638
-669269
838304
-835620
30627
416945
-282697
461201
522794
-911741
765794
-631821
615303
271956
976019
-609839
458679
408491
948139
646429
-412104
259846
-952413
588879
-326187
592788
525754
-259020
-3386
-653752
-104938
-955846
34301
-884466
-319440
-35787
-960460
351937
469833
943528
322384
730004
277253
19996
-516201
-649621
219461
83567
772217
-62769
-560860
-183647
145450
935257
477122
192188
710843
-351976
172229
838837
999864
144879
730705
-165235
-101775
637688
712965
695504
-664207
-127077
-170447
980642
-264850
-497593
-462432
17363
351045
-741135
816865
223660
972246
-524580
-884659
49300
243399
-140727
196588
-215336
436254
-128878
620258
938672
-110820
-349962
93836
825396
621306
563195
-856101
345965
-858059
-328142
-322634
146723
-634565
-438076
523804
630176
446318
484045
-937009
-612331
-45592
393921
-132726
864653
-280531
-149514
-76500
508119
717090
13095
613047
366929
372483
410503
948859
650266
-610905
-559088
-481574
701901
395990
-147544
-417706
378833
918886
463568
-583818
516441
577666
-633178
-578183
121924
904153
-843808
-543577
213914
-781402
904296
766033
938106
-57139
660410
963322
-664815
165266
-694204
101386
-181884
286415
570543
322823
-736934
868103
-572261
-342990
995896
275557
-541224
463599
787115
410169
715129
828755
232344
855365
-578551
41135
-670468
212006
766600
990610
562755
572359
189722
543324
62131
413977
-136083
-279893
-795276
310498
-611344
863575
815575
-828534
608742
-159853
249478
59731
226205
-823543
-600350
-432644
327969
542797
631697
160189
-169188
-45568
-602960
239
-680795
-373925
-204560
-934471
-325952
543698
-263510
-73963
532349
658805
951164
-288155
327632
-273898
486419
546882
143063
260436
-595815
50167
-795172
951010
-473824
425310
65563
87368
919053
566762
-900749
131912
-623679
-777643
942823
491193
94761
-239327
519878
